0.000000 -0.000000 0.000000 0.000000 0.000000 0.000000 1.000000
-0.014018 -0.028203 1.198998 0.000065 -0.000344 -0.000360 1.000000
-0.027874 -0.056081 2.384181 0.000129 -0.000683 -0.000716 1.000000
-0.041803 -0.084106 3.575628 0.000194 -0.001024 -0.001073 0.999999
-0.055735 -0.112136 4.767291 0.000259 -0.001366 -0.001431 0.999998
-0.069707 -0.140244 5.962283 0.000325 -0.001708 -0.001789 0.999997
-0.083626 -0.168246 7.152769 0.000391 -0.002049 -0.002146 0.999996
-0.097570 -0.196298 8.345400 0.000457 -0.002390 -0.002504 0.999994
-0.111499 -0.224319 9.536762 0.000523 -0.002731 -0.002861 0.999992
-0.125431 -0.252345 10.728320 0.000589 -0.003072 -0.003218 0.999990
-0.139362 -0.280370 11.919830 0.000656 -0.003413 -0.003575 0.999988
-0.153300 -0.308407 13.111910 0.000723 -0.003754 -0.003932 0.999985
-0.167141 -0.336295 14.303480 0.000778 -0.004078 -0.004221 0.999982
-0.181814 -0.365424 15.496590 0.000943 -0.004550 -0.005112 0.999976
-0.195073 -0.392444 16.687580 0.000915 -0.004775 -0.004976 0.999976
-0.208176 -0.419151 17.881040 0.000751 -0.005072 -0.004691 0.999976
-0.222069 -0.445081 19.076630 0.000550 -0.005317 -0.004522 0.999975
-0.237295 -0.471514 20.270190 0.001012 -0.005662 -0.004641 0.999973
-0.253156 -0.497782 21.464680 0.001533 -0.005907 -0.004513 0.999971
-0.270764 -0.524744 22.658830 0.001236 -0.006314 -0.004815 0.999968
-0.288791 -0.552730 23.852960 0.001172 -0.006675 -0.004933 0.999965
-0.307115 -0.581233 25.046840 0.001556 -0.007130 -0.004937 0.999961
-0.327351 -0.606984 26.243100 0.001390 -0.007546 -0.005068 0.999958
-0.347249 -0.632943 27.441680 0.000304 -0.007903 -0.004630 0.999958
-0.367798 -0.656564 28.637120 0.000200 -0.008352 -0.004307 0.999956
-0.389214 -0.682426 29.828300 0.000887 -0.008757 -0.004000 0.999953
-0.411276 -0.708720 31.027940 0.001287 -0.009251 -0.003743 0.999949
-0.435716 -0.735647 32.231930 0.001291 -0.009625 -0.003949 0.999945
-0.459653 -0.763253 33.420240 0.001012 -0.009955 -0.003712 0.999943
-0.484698 -0.791594 34.614800 0.000882 -0.010278 -0.003589 0.999940
-0.509819 -0.818272 35.812560 0.000841 -0.010525 -0.003210 0.999939
-0.536706 -0.845783 37.009280 0.000842 -0.010822 -0.003244 0.999936
-0.562741 -0.873467 38.206900 0.000589 -0.010924 -0.002804 0.999936
-0.590462 -0.900111 39.405490 -0.000013 -0.010880 -0.002865 0.999937
-0.618170 -0.926858 40.602440 -0.000482 -0.010805 -0.003095 0.999937
-0.646632 -0.953129 41.798710 -0.000270 -0.010779 -0.003494 0.999936
-0.675668 -0.977631 42.995920 -0.000218 -0.010726 -0.003909 0.999935
-0.708016 -1.000412 44.195630 -0.000955 -0.010494 -0.005389 0.999930
-0.735861 -1.020365 45.395630 -0.002517 -0.009698 -0.005513 0.999935
-0.761728 -1.037444 46.596120 -0.003885 -0.008826 -0.005785 0.999937
-0.784447 -1.051207 47.801490 -0.005535 -0.007944 -0.005916 0.999936
-0.805020 -1.064092 49.004540 -0.006592 -0.007295 -0.005756 0.999935
-0.822002 -1.073850 50.203480 -0.005737 -0.006557 -0.004924 0.999950
-0.840290 -1.085315 51.404570 -0.004581 -0.006023 -0.005172 0.999958
-0.859463 -1.098286 52.605830 -0.004488 -0.005618 -0.005749 0.999958
-0.875378 -1.112635 53.811250 -0.004258 -0.005594 -0.005263 0.999961
-0.892873 -1.127883 55.015200 -0.003901 -0.005961 -0.004929 0.999962
-0.911860 -1.143152 56.220270 -0.003874 -0.006729 -0.005010 0.999957
-0.933231 -1.160687 57.427770 -0.004633 -0.007496 -0.005014 0.999949
-0.956215 -1.175655 58.632620 -0.004823 -0.007979 -0.005009 0.999944
-0.981436 -1.190278 59.838570 -0.004689 -0.008399 -0.005487 0.999939