0.000000 0.000000 -0.000000 0.000000 -0.000000 0.000000 1.000000
0.051547 -0.024249 1.000725 0.001270 0.021780 0.000853 0.999762
0.146463 -0.050516 1.995659 0.003620 0.044353 0.002847 0.999005
0.287920 -0.079031 2.986691 0.005802 0.067271 0.003341 0.997712
0.465750 -0.110293 3.963845 0.007207 0.090460 0.002445 0.995871
0.697164 -0.143877 4.934639 0.007276 0.113844 0.003941 0.993464
0.971569 -0.180224 5.887651 0.007795 0.136991 0.004798 0.990530
1.288079 -0.218488 6.826202 0.009672 0.159810 0.006476 0.987079
1.651331 -0.254729 7.743952 0.011218 0.181982 0.008504 0.983201
2.050498 -0.291953 8.646240 0.011604 0.204517 0.008700 0.978756
2.488685 -0.330924 9.527392 0.011376 0.227232 0.009370 0.973729
2.966292 -0.369739 10.384170 0.010950 0.250296 0.009811 0.968058
3.483068 -0.408603 11.215600 0.010697 0.273339 0.010049 0.961806
4.036690 -0.443974 12.018780 0.010940 0.295996 0.010726 0.955066
4.631439 -0.479023 12.790060 0.011834 0.318321 0.012517 0.947826
5.252124 -0.513619 13.530580 0.012317 0.340248 0.012490 0.940172
5.913461 -0.546271 14.237310 0.013030 0.362031 0.014889 0.931956
6.602643 -0.577743 14.912160 0.013154 0.383645 0.015275 0.923261
7.315983 -0.609156 15.554830 0.013355 0.405501 0.015129 0.913872
8.059654 -0.636292 16.155000 0.015078 0.426824 0.016987 0.904049
8.824947 -0.665278 16.721740 0.015655 0.447790 0.016970 0.893840
9.617499 -0.693875 17.248350 0.016878 0.468364 0.017784 0.883195
10.435720 -0.720980 17.735820 0.019870 0.488635 0.019249 0.872050
11.273390 -0.744895 18.188610 0.020419 0.508341 0.019696 0.860688
12.138440 -0.770723 18.605410 0.021253 0.526919 0.021917 0.849367
13.023860 -0.796899 18.984860 0.021889 0.544315 0.023562 0.838264
13.922820 -0.819498 19.335290 0.023254 0.560477 0.023826 0.827501
14.845670 -0.839822 19.655580 0.023141 0.575357 0.024675 0.817202
15.788190 -0.859011 19.948580 0.022417 0.589662 0.026336 0.806909
16.746090 -0.877958 20.209590 0.022312 0.603540 0.026848 0.796568
17.710960 -0.892643 20.442900 0.022089 0.616970 0.025607 0.786260
18.690740 -0.906682 20.645440 0.022487 0.629652 0.025258 0.776141
19.691660 -0.920475 20.816490 0.022879 0.641781 0.026063 0.766103
20.708720 -0.932317 20.958900 0.022943 0.653650 0.027082 0.755964
21.741570 -0.942353 21.074500 0.021688 0.665312 0.027320 0.745750
22.790760 -0.948405 21.161180 0.021564 0.676377 0.027859 0.735712
23.853650 -0.951047 21.214680 0.022420 0.686502 0.028902 0.726207
24.931120 -0.951927 21.240690 0.023863 0.695671 0.030500 0.717316
26.023480 -0.950951 21.240270 0.025270 0.703820 0.032207 0.709198
27.127230 -0.948951 21.215640 0.027153 0.711053 0.034615 0.701761
28.242490 -0.945629 21.169690 0.028233 0.717260 0.036787 0.695261
29.370220 -0.941439 21.107410 0.029261 0.722697 0.038141 0.689492
30.502910 -0.936359 21.029600 0.029722 0.727669 0.039552 0.684141
31.641960 -0.929687 20.939840 0.029219 0.732244 0.040286 0.679222
32.786820 -0.921677 20.836960 0.028956 0.736470 0.040495 0.674636
33.942320 -0.911746 20.718590 0.029768 0.740378 0.039735 0.670354
35.114730 -0.900720 20.585330 0.031126 0.743906 0.038767 0.666433
36.309120 -0.889158 20.436980 0.032302 0.747168 0.038312 0.662743
37.526800 -0.878157 20.278900 0.032548 0.749736 0.037951 0.659846
38.767330 -0.867020 20.110850 0.032485 0.751714 0.037677 0.657610
40.024030 -0.856448 19.932530 0.033282 0.753438 0.037567 0.655601
